101915
102715
103818
104012
106521
108525
108828
109830
110613
112516
113922
115825
118124
118528
122317
122620
123521
125525
126628
127731
127832
127933
130013
130114
130720
133625
133928
134021
134223
134627
135225
135629
136126
136227
138130
138837
139435
140925
141826
143830
144125
146533
146634
147737
148335
148941
150019
150928
151627
152831
153025
154229
154835
155635
157437
158540
159138
159340
161630
162329
164636
165941
167440
170934
171330
172029
172332
172938
173940
175237
175439
177140
178950
179952
180230
186141
186545
186848
189349
190031
192237
193441
196346
197550
199352
200614
202719
209935
212318
212419
217429
219231
221319
239944
257946
275645
280941
281135
283543
285446
286650
289555
299154
308331
325129
336841
341834
342129
346137
366042
368753
371843
385046
385450
386250
389357
391748
395251
413934
414229
432332
448347
449753
459453
462139
465852
467351
480141
486759
516742
519647
520228
522434
524135
540436
541640
547046
561444
570243
572045
573451
585256
589567
598568
615441
618952
635245
656253
664757
665254
672756
673455
683256
692964
698168
713239
735148
753150
756055
766563
767464
818859
820745
825654
833148
835657
852455
856463
857263
859671
873968
877269
885975
891667
896879
904044
908860
919966
922854
923755
927359
983773
989987
996782
